8000.05	0.879257	
8000.07	0.879308	
8000.04	0.879091	
8000.04	0.879383	
8000.06	0.879202	
8000.05	0.879363	
8000.03	0.879427	
8000.13	0.879529	
8000.17	0.879592	
8000.02	0.879382	
7999.99	0.879323	
8000.1	0.879659	
8000.12	0.879517	
8000.09	0.87944	
8000.09	0.879404	
8000.18	0.879521	
8000.06	0.879491	
8000	0.879223	
8000.07	0.879337	
8000.03	0.879382	
8000.09	0.879439	
7999.97	0.879089	
8000.12	0.879292	
8000.07	0.879332	
7999.99	0.879347	
8000.04	0.879471	
8000.15	0.879464	
8000.1	0.879423	
8000.09	0.879439	
8000.06	0.879295	
8000.12	0.879445	
8000.09	0.879427	
8000.02	0.879391	
8000.09	0.879221	
8000.1	0.879475	
7999.98	0.879342	
8000	0.879352	
8000.09	0.879347	
8000.01	0.879341	
8000	0.879562	
8000.03	0.879233	
8000.06	0.879351	
8000.14	0.879428	
8000.09	0.879501	
8000.14	0.879371	
8000.1	0.879403	
8000.04	0.879392	
8000	0.879536	
8000.13	0.879367	
8000.07	0.879603	
8000	0.879639	
8000.04	0.879485	
8000.09	0.879472	
7999.97	0.87939	
8000.12	0.879363	
8000.1	0.879272	
8000.11	0.879495	
8000.08	0.879545	
8000.09	0.879389	
8000.09	0.879289	
8000.12	0.87922	
8000.12	0.879418	
7999.99	0.879535	
8000.05	0.879332	
8000	0.879518	
8000.04	0.879429	
8000.07	0.879369	
8000.03	0.879549	
8000.1	0.879537	
8000.02	0.879802	
8000.03	0.879786	
8000.13	0.879727	
7999.98	0.879658	
8000.13	0.879971	
8000.02	0.879836	
8000.09	0.879946	
8000.11	0.880093	
8000.08	0.880061	
8000.05	0.879905	
8000.01	0.880206	
7999.93	0.879839	
8000.1	0.879973	
8000	0.88004	
8000.03	0.879852	
8000.14	0.880249	
8000.04	0.880093	
8000.1	0.880155	
8000.1	0.880053	
8000.04	0.879917	
8000.1	0.880039	
8000.05	0.880093	
8000.07	0.880126	
8000.18	0.879931	
8000.14	0.880138	
8000.03	0.880146	
8000.06	0.880101	
8000.14	0.880187	
7999.98	0.880196	
8000.09	0.880304	
8000.13	0.880221	
8000.14	0.88022	
8000.09	0.880043	
8000.07	0.880313	
8000.05	0.880211	
8000.08	0.880429	
8000.05	0.880272	
8000.11	0.88025	
8000.16	0.880231	
8000.11	0.880446	
8000.07	0.880373	
8000.15	0.880669	
8000.1	0.880439	
8000.08	0.88048	
8000.01	0.88048	
8000.09	0.880556	
8000.03	0.880289	
8000.03	0.880368	
8000.11	0.880549	
8000.06	0.880463	
8000.06	0.880121	
8000.06	0.880206	
8000.08	0.880211	
8000.16	0.880411	
8000.13	0.880483	
8000.09	0.880537	
8000.02	0.880442	
8000.09	0.88034	
7999.99	0.880529	
8000.01	0.880393	
8000.02	0.880363	
8000.18	0.880338	
8000.04	0.880263	
8000.1	0.880156	
8000.08	0.880104	
8000.16	0.880442	
8000.08	0.880289	
8000.09	0.880412	
8000.09	0.880261	
8000.07	0.880319	
8000.05	0.880406	
8000.03	0.880155	
8000.04	0.880034	
8000.04	0.880044	
8000.04	0.880254	
8000.06	0.880057	
8000.04	0.880003	
8000.1	0.879839	
7999.98	0.879907	
8000.05	0.880164	
8000.14	0.880128	
8000.04	0.879775	
8000.12	0.879957	
8000.09	0.88017	
8000.04	0.880023	
8000.12	0.880168	
8000.08	0.879928	
8000.07	0.879963	
8000.07	0.879772	
8000.08	0.879739	
8000.05	0.880021	
8000.06	0.879681	
8000.08	0.880018	
8000.08	0.879852	
8000.07	0.879941	
7999.99	0.879927	
8000.04	0.879825	
8000.13	0.879947	
8000.11	0.88021	
8000.1	0.879957	
8000.06	0.879959	
8000.02	0.879858	
8000.1	0.879926	
8000.08	0.87977	
8000.03	0.879788	
8000.19	0.88001	
8000.07	0.87979	
8000.12	0.879855	
8000.07	0.879812	
8000.01	0.879873	
8000.05	0.879936	
8000.08	0.879724	
8000.1	0.879623	
8000.03	0.879704	
8000.09	0.879813	
8000.15	0.879586	
8000.1	0.879578	
8000.11	0.879766	
8000.07	0.879607	
8000.1	0.879725	
8000.13	0.879714	
8000.1	0.879719	
8000.08	0.8795	
8000.02	0.879317	
7999.95	0.879673	
8000.03	0.87963	
8000.01	0.879636	
8000.12	0.879598	
8000.1	0.879749	
8000.1	0.879692	
8000.07	0.87943	
8000.09	0.87978	
8000.09	0.879868	
8000.08	0.879644	
8000.11	0.879673	
8000.06	0.879631	
8000.03	0.879602	
8000	0.879662	
8000	0.87965	
8000.02	0.879883	
8000.06	0.879691	
8000.05	0.879617	
8000	0.879544	
8000.02	0.879635	
8000.09	0.879653	
8000.1	0.879786	
8000.06	0.879711	
8000.07	0.879666	
8000.09	0.879816	
8000.15	0.879657	
8000.09	0.87961	
8000.07	0.879712	
8000.16	0.879773	
8000.06	0.879552	
8000.1	0.879645	
8000.08	0.879625	
8000.1	0.879701	
8000.18	0.87954	
8000.03	0.879495	
8000.02	0.879459	
8000.06	0.879545	
8000.14	0.87977	
8000.06	0.879793	
7999.97	0.87966	
7999.98	0.879459	
8000.14	0.879676	
8000.06	0.879721	
8000.06	0.879608	
8000.04	0.87967	
8000.04	0.879754	
8000.08	0.879569	
8000.02	0.879515	
8000.08	0.879983	
8000.02	0.879583	
8000.11	0.879345	
8000.05	0.879489	
8000	0.879456	
8000.13	0.879569	
8000.06	0.879824	
8000.16	0.879499	
8000.04	0.879487	
8000.2	0.879623	
8000.04	0.879432	
8000.09	0.879499	
8000.13	0.879549	
8000.05	0.879523	
8000.04	0.87921	
8000.11	0.879281	
8000	0.879262	
8000.04	0.879525	
8000.01	0.879622	
8000.1	0.879748	
8000.05	0.879465	
8000.13	0.87946	
8000.09	0.879536	
8000.05	0.879674	
8000.06	0.879718	
8000.19	0.879782	
8000.06	0.879651	
8000.03	0.879512	
8000.06	0.879807	
8000.2	0.879638	
8000.12	0.879627	
7999.97	0.879709	
8000.07	0.879633	
7999.96	0.879685	
8000.02	0.87968	
8000.04	0.879611	
8000.03	0.879611	
8000.04	0.879565	
8000.01	0.879462	
8000.15	0.879422	
8000.13	0.879557	
8000.08	0.8795	
8000.06	0.879517	
8000.11	0.879485	
8000.08	0.879631	
8000.04	0.879327	
8000.05	0.879507	
8000.09	0.879361	
8000.09	0.87942	
7999.98	0.879553	
8000.04	0.87949	
8000.08	0.87953	
8000.05	0.879627	
8000.07	0.879472	
8000.08	0.87964	
8000.04	0.879737	
8000.07	0.879655	
8000.16	0.879639	
8000.11	0.879307	
8000.08	0.87942	
8000.07	0.87944	
8000.1	0.879529	
8000.15	0.879647	
8000.1	0.879508	
8000.19	0.879517	
8000.01	0.879465	
8000.06	0.879653	