1199.96	-6.00885	
1299.89	-6.01468	
1399.81	-6.36033	
1399.88	-6.44852	
1500.04	-6.51212	
1600.01	-6.99976	
1600.02	-6.95325	
1700.03	-7.24001	
1700.01	-7.22424	
1800.08	-7.58607	
1899.96	-7.79763	
1900.08	-7.72144	
1999.91	-8.00815	
2099.91	-8.14671	
2099.94	-8.23395	
2199.96	-8.51314	
2299.97	-8.87262	
2300.04	-8.74198	
2400.05	-9.06591	
2399.99	-9.02635	
2500.1	-9.46367	
2600.03	-9.66557	
2600.1	-9.65348	
2700.09	-9.90107	
2799.94	-10.3681	
2800	-10.1811	
2899.99	-10.7866	
3000.16	-10.8935	
2999.97	-10.804	
3100.07	-11.1093	
3100.05	-11.2506	
3200.06	-11.4623	
3300.07	-11.7122	
3300.12	-11.7899	
3400.12	-12.0078	
3499.84	-12.2433	
3499.96	-12.3527	
3600	-12.8031	
3699.95	-13.0319	
3700.05	-12.9766	
3799.99	-13.195	
3899.99	-13.5362	
3899.94	-13.5365	
4000.03	-13.7157	
4100.11	-14.0323	
4100.17	-14.1193	
4200.09	-14.3422	
4299.9	-14.6744	
4300.01	-14.7748	
4399.83	-14.7275	
4400.01	-14.9815	
4499.97	-14.8946	
4600.04	-15.5285	
4599.96	-15.379	
4700.06	-15.7779	
4800.07	-15.7804	
4800.1	-15.9717	
4900.09	-16.2872	
5000.1	-16.2585	
5000.13	-16.2382	
5099.99	-16.4778	
5199.97	-16.5021	
5200.03	-16.5095	
5299.95	-16.6267	
5300.08	-16.6438	
5400.13	-16.6964	
5499.9	-16.5811	
5500.08	-16.5753	
5599.98	-16.5962	
5700.06	-16.507	
5700.22	-16.6206	
5800.09	-16.2303	
5899.93	-15.967	
5899.87	-15.8936	
5999.84	-15.5387	
6100.14	-15.3712	
6100.08	-15.3484	
6200.12	-14.522	
6200.17	-14.5852	
6300.06	-13.8274	
6399.93	-12.8903	
6400.08	-12.8527	
6500.25	-12.0525	
6600	-10.7849	
6600.1	-10.9289	
6699.89	-9.46588	
6799.96	-7.78509	
6799.93	-8.04014	
6900.12	-6.31826	
7000.26	-4.70496	
7000.19	-4.42034	
7100.18	-2.80849	
7099.96	-2.73765	
7199.95	-0.85199	
7299.98	1.58013	
7299.97	1.56629	
7399.74	3.94548	
7499.84	5.77244	
7499.69	5.90792	
7599.99	8.06237	
7699.94	10.3334	
7700	10.2188	
7799.75	12.4985	
7899.78	14.2781	
7900.05	14.1069	
7999.86	15.9093	
8099.98	17.2367	
8100.18	17.4859	
8199.77	19.0612	
8199.65	19.0376	
8299.75	20.2562	
8399.76	21.4147	
8399.8	21.4028	
8499.57	22.6088	
8599.95	23.0241	
8599.85	23.0618	
8699.68	23.9603	
8799.84	24.2326	
8799.92	24.2739	
8899.98	24.7743	
8999.84	25.1835	
8999.69	24.8133	
9099.65	25.3052	
9199.74	25.2054	
9199.8	25.4273	
9299.85	25.3136	
9299.76	25.3454	
9399.94	25.4696	
9500.03	25.3061	
9499.88	25.2296	
9600.02	25.0569	
9699.7	25.1934	
9699.62	25.1257	
9799.83	24.9288	
9899.88	24.5935	
9899.85	24.8086	
9999.89	24.154	
10099.8	24.1693	
10099.9	24.1406	
10199.9	23.8224	
10299.9	23.1678	
10300	23.5237	
10400	23.2782	
10399.8	23.2095	
10499.6	22.8851	
10599.8	22.6756	
10599.8	22.5265	
10699.8	22.1865	
10799.8	21.7417	
10799.9	21.8612	
10899.9	21.5473	
10999.9	21.0799	
10999.9	21.3062	
11100.1	21.0202	
11200	20.6038	
11200	20.6427	
11299.8	20.4302	
11299.8	20.5047	
11399.8	19.8697	
11499.9	19.3902	
11499.9	19.4899	
11599.7	19.3922	
11699.9	18.7897	
11699.9	18.9933	
11799.9	18.5341	
11900	18.0482	
11900	18.1153	
12000.1	17.8378	
12099.8	17.7109	
12099.8	17.5502	
12199.8	16.8881	
12299.9	16.8838	
12299.8	17.0263	
12399.9	16.505	
12399.9	16.6688	
12500	16.2449	
12600	16.1032	
12600	15.8126	
12699.9	15.7313	
12799.8	15.2527	
12799.8	15.3544	
12899.8	15.0033	
13000	14.9222	
12999.7	15.0871	
13099.8	14.5128	
13099.9	14.4204	
13199.9	14.1513	
13299.9	13.8617	
13300	13.9875	
13400	13.6268	
13500	13.3367	
13500	13.53	
13599.8	13.209	
13699.8	12.8815	
13699.8	12.9782	
13799.9	12.4195	
13899.9	12.2428	
13900	12.2529	
13999.8	11.9012	
14100	11.4738	
14100	11.7237	
14200	11.5235	
14300	11.0204	
14300.1	11.3081	
14399.8	11.0722	
14499.9	10.3855	
14499.8	10.5583	
14600	10.4405	
14600	10.5542	
14699.9	10.369	
14799.9	9.7156	
14799.9	10.1074	
14899.9	9.83248	
15000.1	9.36289	
15000.1	9.41381	
15100	9.12396	
15199.9	9.00167	
15199.8	9.15811	
15299.9	8.54149	
15399.8	8.39111	
15399.9	8.28675	
15499.9	8.10515	
15500	8.01133	
15599.9	7.7758	
15700	7.76043	
15699.9	7.67488	
15800	7.61546	
15899.8	7.24819	
15899.7	7.10947	
15999.8	6.62531	
16099.9	6.6015	
16099.9	6.327	
16199.9	6.32138	
16299.9	6.06376	
16300	6.0331	
16400	5.58892	
16500	5.46799	
16499.8	5.63683	
16599.9	5.28604	
16599.9	5.37638	
16699.9	4.79994	
16799.9	4.57973	
16799.9	4.42705	
16899.9	4.1964	
16999.8	4.06935	
17000.1	3.71887	
17099.9	3.93586	
17200	3.27314	
17199.9	3.38115	
17300	3.17974	
17400	2.69777	
17400	2.54374	
17499.7	2.56725	
17599.9	2.06343	
17599.9	2.16394	
17699.9	1.57529	
17699.9	1.96827	
17800	1.36437	
17900	0.838371	
17900	1.1774	
18000	0.502664	
18100	0.271258	
18100.1	0.693015	
18200	-0.100115	
18299.8	-0.313579	
18299.8	-0.378449	
18399.9	-0.675139	
18500	-1.15848	
18499.8	-1.21522	
18600	-1.74243	
18700	-1.97819	
18699.9	-1.93779	
18800	-2.18594	
18900	-2.69969	
18900.1	-2.66921	
18999.9	-3.39838	
18999.9	-3.4168	
19099.9	-3.62874	
19200	-4.24457	
19200	-4.018	
19300	-4.70125	
19400	-5.22355	
19400	-5.22796	
19500.1	-5.92333	
19600	-6.40381	
19600.1	-6.36467	
19700	-6.52961	
19799.8	-7.35753	
19799.9	-7.58565	
19899.8	-7.82564	
19899.9	-7.86638	
20000.1	-8.7369	
20100	-9.26511	
20100	-9.21141	
20199.9	-10.1457	
20299.9	-10.8947	
20300	-10.5051	
20400	-11.2273	
20500.1	-12.2544	
20500.1	-12.0765	
20599.9	-12.6443	
20700	-13.5547	
20699.9	-13.6419	
20800	-14.5724	
20900.1	-15.2419	
20900	-14.9756	
21000.1	-16.2767	
21100	-16.9163	
21100	-16.7714	
21200.1	-17.6056	
21200.1	-17.4948	
21300.2	-18.7903	
21399.8	-19.7118	
21400	-19.7104	
21500	-20.2851	
21599.9	-21.1581	
21600	-21.007	
21700	-22.0443	
21799.9	-22.7803	
21800	-22.755	
21900	-23.2943	
22000.2	-24.2819	
22000.2	-24.2399	
22099.9	-24.4279	
22199.9	-25.0114	
22200	-25.1234	
22300	-24.896	
22300	-25.2119	
22400.1	-24.9027	
22500.2	-24.3173	
22500.1	-23.9143	
22600.1	-22.9779	
22700.2	-21.7603	
22700.3	-21.6846	
22799.9	-19.3913	
22899.9	-16.3319	
22899.9	-16.2912	
22999.7	-12.6596	
23099.9	-8.2356	
23100	-8.51688	
23199.8	-3.22633	
23200	-3.65364	
23299.7	2.32192	
23399.9	8.13006	
23399.8	8.17309	
23499.7	13.6113	
23600	19.1527	
23599.9	19.0642	
23699.4	23.8646	
23799.2	27.8003	
23799.3	28.0703	
23899.5	30.9959	
24000	33.149	
23999.7	33.2037	
24099.6	35.3666	
24099.8	35.3815	
24199.6	37.0157	
24299.6	38.5022	
24299.7	38.4228	
24399.9	39.2448	
24499.5	39.7003	
24499.6	39.8608	
24599.3	40.2977	
24699.6	39.9385	
24699.8	40.0924	
24799.7	40.2447	
24899.7	40.5374	
24899.6	40.1744	
24999.6	40.3533	
25099.8	40.2639	
25099.6	40.4024	
25199.7	39.9302	
25199.7	39.6955	
25299.7	39.7692	
25399.7	39.6135	
25399.5	39.3975	
25499.7	38.8315	
25599.8	38.7227	
25599.8	38.4162	
25699.7	38.2761	
25799.9	37.9122	
25800	38.1802	
25900	37.5355	
25999.7	36.8789	
25999.9	36.9208	
26099.7	36.9341	
26099.6	36.8166	
26199.7	36.4847	
26299.7	35.7956	
26299.7	36.2318	
26399.8	35.4247	
26499.7	35.1578	
26499.9	35.3572	
26600	34.8441	
26699.8	34.7249	
26699.9	34.4139	
26799.7	33.9757	
26799.8	34.2185	
26899.7	34.0304	
26999.9	33.6344	
26999.7	33.3976	
27099.7	33.1535	
27199.8	32.6541	
27199.7	32.8173	
27299.8	32.5241	
27399.9	32.4612	
27399.8	32.1443	
27499.9	31.9587	
27599.6	31.5628	
27599.7	31.6056	
27699.7	31.3487	
27699.7	31.5145	
27799.9	30.7723	
27899.8	31.0572	
27899.8	31.1091	
27999.7	30.4588	
28099.9	30.1764	
28099.9	30.2325	
28199.8	30.0712	
28299.6	29.7855	
28299.7	29.754	
28399.6	29.2125	
28499.8	29.5012	
28499.7	29.3499	
28599.8	29.0413	
28699.8	28.5927	
28699.9	28.8542	
28799.9	28.7256	
28899.9	28.2449	
28899.9	28.7294	
28999.9	28.5034	
29000.1	28.0189	
29099.7	28.1913	
29199.8	27.6416	
29199.8	28.0532	
29299.8	28.0264	
29399.8	27.8032	
29399.8	27.6993	
29499.8	27.3088	
29599.8	27.4054	
29599.9	27.0196	
29699.9	27.0455	
29799.9	26.7028	
29800	26.492	
29899.8	26.4523	
29999.5	26.4852	
29999.7	26.4134	
30099.7	26.3033	
30099.7	26.4431	
30199.8	26.4607	
30299.9	26.0989	
30299.8	25.8635	
30399.8	26.3231	
30499.9	26.0943	
30500.1	25.5504	
30599.6	25.589	
30699.7	25.4465	
30699.7	25.7067	
30799.7	25.3445	
30899.7	25.3096	
30899.8	25.437	
30999.9	25.3269	
30999.9	25.026	
31099.8	24.8918	
31199.9	24.6538	
31199.8	25.0826	
31299.8	24.6689	
31399.7	24.5241	
31399.7	24.6265	
31499.7	24.3212	
31599.8	24.2589	
31599.9	24.1815	
31699.8	24.1636	
31799.7	24.5629	
31799.8	24.1677	
31899.9	24.4724	
31999.9	24.204	
31999.8	23.9542	
32099.9	23.7082	
32099.9	24.0472	
32199.7	23.6594	
32299.8	23.829	
32299.7	23.8277	
32399.7	23.5031	
32499.9	23.4251	
32499.9	23.8756	
32599.9	23.0438	
32699.8	23.8311	
32699.9	23.2584	
32799.8	23.5943	
32900	23.0553	
32899.9	23.2316	
32999.8	23.4865	
33099.8	23.1093	
33099.7	22.865	
33199.7	22.6167	
33299.8	23.1144	
33299.8	23.3226	
33399.8	22.9965	
33399.8	23.0788	
33500	22.5709	
33599.8	22.5701	
33599.9	22.5089	
33699.7	23.0067	
33799.8	22.6241	
33799.8	22.7709	
33899.7	23.0207	
33999.8	22.641	
33999.8	22.4904	
34099.7	22.2898	
34199.8	22.6363	
34199.9	22.5856	
34299.9	21.9303	
34399.9	22.1312	
34399.9	22.2737	
34499.7	21.9213	
34499.9	21.8324	
34599.7	22.3914	
34699.8	22.2024	
34699.8	22.3654	
34799.8	22.2525	
34899.8	22.0074	
34899.7	21.8022	
34999.8	21.824	
35099.8	22.154	
35099.8	21.8536	
35199.9	21.6368	
35299.8	22.266	
35299.7	21.6348	
35399.7	21.8897	
35499.7	21.8332	
35499.9	21.71	
35599.8	21.4244	
35599.9	21.3575	
35700	21.8217	
35799.9	21.5665	
35799.8	21.6029	
35899.9	21.7446	
36000	21.4327	
35999.7	21.3916	
36099.8	21.5818	
36199.7	21.733	
36199.7	21.3504	
36299.8	21.579	
36399.9	21.2806	
36399.8	21.1466	
36499.9	21.1491	
36499.8	21.2762	
36599.7	21.4429	
36699.8	20.8757	
36699.8	21.5618	
36799.7	21.3252	
36899.7	21.2407	
36899.8	20.9064	
36999.8	21.0711	
37099.8	21.1455	
37099.7	20.7578	
37199.9	21.0232	
37199.7	21.4093	
37299.9	20.863	
37399.9	20.8664	
37399.9	20.5911	
37499.9	20.8485	
37599.8	20.7154	
37599.7	21.1308	
37699.7	21.14	
37799.8	21.2769	
37799.9	21.1196	
37899.8	20.8569	
37999.8	20.9002	
37999.9	20.8519	
38099.9	20.8957	
38200	20.4082	
38199.9	20.9377	
38299.9	20.5215	
38299.9	20.3162	
38399.8	20.5713	
38499.7	20.91	
38499.6	20.585	
38599.7	20.8253	
38699.7	20.4197	
38699.8	20.796	
38799.8	20.5202	
38899.9	20.7111	
38899.8	20.5092	
38999.9	20.7857	
39099.9	20.5087	
39099.9	20.3677	
39199.7	20.5489	
39299.8	20.4251	
39299.7	20.6892	
39399.8	20.8187	
39399.8	20.3283	
39499.8	20.4336	
39599.8	20.3496	
39599.7	20.4776	
39699.8	20.344	
39799.7	20.4501	
39799.9	20.5154	
